image_width: 640
image_height: 480
camera_name: camera
camera_matrix:
  rows: 3
  cols: 3
  data: [529.486683, 0.000000, 373.797047, 0.000000, 521.956767, 197.457515, 0.000000, 0.000000, 1.000000]
distortion_model: plumb_bob
distortion_coefficients:
  rows: 1
  cols: 5
  data: [-0.099230, 0.037488, -0.011583, 0.016047, 0.000000]
rectification_matrix:
  rows: 3
  cols: 3
  data: [1.0, 0.0, 0.0, 0.0, 1.0, 0.0, 0.0, 0.0, 1.0]
projection_matrix:
  rows: 3
  cols: 4
  data: [503.787109, 0.000000, 386.855864, 0.000000, 0.000000, 507.696472, 191.206494, 0.000000, 0.000000, 0.000000, 1.000000, 0.000000]
