%YAML:1.0
aruco_bc_nmarkers: 1
aruco_bc_mInfoType: 0
aruco_bc_markers:
   - { id:1, corners:[ [ -1600., -1600., 0. ], [ 1600., -1600., 0. ], [
       1600., 1600., 0. ], [ -1600., 1600., 0. ] ] }
 
   
